2000		
24	212	505
28	113	883
44	15	151
77	142	141
7	217	217
93	135	543
21	22	497
34	238	482
38	41	706
62	144	472
5	143	399
36	263	125
100	253	809
80	221	619
39	159	790
77	66	946
86	93	941
94	288	276
21	254	987
10	234	865
96	24	960
66	231	872
50	129	321
48	203	769
33	246	267
52	172	398
10	262	651
43	219	128
38	295	159
65	223	730
54	203	132
11	135	740
59	69	130
55	223	415
54	203	386
43	106	606
23	122	937
19	165	323
81	266	391
70	283	575
93	146	105
45	256	559
43	261	821
22	177	754
4	135	830
7	146	659
75	164	600
54	75	332
84	290	479
20	78	954
52	266	691
39	182	463
87	71	804
35	203	998
67	202	393
17	252	123
40	242	502
26	279	634
93	53	206
96	157	474
72	181	704
52	90	927
46	296	659
24	183	922
3	168	793
25	69	468
30	173	118
23	17	513
10	228	198
29	289	915
88	268	205
76	127	228
44	105	426
28	34	689
26	276	103
93	147	563
31	291	105
76	130	460
21	132	522
30	254	619
51	213	988
29	216	480
57	133	852
81	254	270
67	46	101
51	136	284
49	129	295
81	48	885
82	202	879
43	173	440
79	196	696
53	128	772
97	219	930
38	221	525
35	40	668
5	99	944
1	168	557
19	173	753
42	275	820
39	163	162
7	257	247
26	185	934
17	72	256
8	299	805
33	121	340
72	226	650
0	130	134
82	100	331
64	33	291
50	150	492
83	157	879
16	232	316
69	268	442
74	161	580
77	206	121
1	64	522
21	122	814
17	19	415
81	279	404
94	7	427
63	179	905
50	217	826
0	147	956
31	99	777
66	138	739
94	272	543
32	67	474
38	269	336
96	68	922
11	283	593
64	267	235
93	104	560
100	99	134
22	196	924
59	294	212
99	118	740
96	114	493
9	54	132
15	99	506
77	194	636
78	29	135
88	148	903
56	294	505
39	217	869
58	297	564
18	191	104
39	10	751
7	292	465
35	280	657
79	127	853
75	205	162
59	17	394
34	12	617
64	160	242
87	150	601
43	39	789
29	40	572
76	40	704
72	149	274
66	83	515
66	285	325
80	219	250
48	236	132
97	140	675
90	130	508
71	10	245
2	55	924
98	289	813
37	64	936
68	196	615
58	292	246
48	127	314
69	284	839
22	284	371
54	277	647
59	205	814
74	27	254
70	166	514
61	270	715
24	134	963
45	286	356
7	19	689
61	226	406
19	68	524
12	166	750
1	121	711
46	77	751
28	196	513
0	88	664
59	85	874
36	253	929
5	225	804
55	34	568
25	25	707
82	8	415
0	234	731
62	122	877
27	260	695
14	115	619
80	160	413
37	254	137
71	261	237
45	59	904
12	109	520
83	266	670
96	66	705
88	173	110
5	198	919
23	153	400
6	170	280
63	231	736
81	214	268
89	85	711
86	156	545
36	211	609
56	121	143
65	33	1000
15	96	382
60	13	292
22	251	174
77	200	861
43	280	111
62	137	675
77	294	359
72	120	316
93	262	194
32	84	735
26	231	474
35	218	546
25	47	556
65	218	117
66	50	705
79	72	928
54	217	523
5	161	406
13	58	101
57	295	180
75	192	790
59	243	412
5	247	757
62	126	315
44	176	432
24	55	228
83	225	663
11	92	997
75	153	906
15	80	355
2	192	602
64	249	117
35	230	973
91	268	166
23	200	614
18	292	534
81	88	791
80	212	510
66	13	389
85	91	554
80	35	199
58	288	954
99	244	416
92	238	378
59	251	244
63	143	747
79	119	697
92	145	917
62	253	563
27	273	800
16	176	382
19	240	708
69	142	846
97	214	925
3	118	392
55	185	222
23	23	688
58	243	372
52	117	579
82	286	971
8	147	876
57	281	888
30	4	800
38	234	685
3	73	108
50	88	484
92	119	574
88	217	928
98	261	775
99	67	304
46	66	425
51	223	832
63	77	378
70	62	865
99	225	984
50	72	640
86	82	607
11	270	216
92	89	218
8	234	662
86	56	863
61	81	439
78	274	289
70	57	898
97	182	876
50	174	205
55	121	112
25	86	129
21	85	266
0	54	837
63	202	236
31	214	814
96	258	963
68	207	219
9	174	232
39	2	165
78	163	619
41	173	490
65	204	425
71	46	500
87	69	828
48	201	860
28	25	603
2	293	720
71	192	136
73	240	610
6	53	330
81	116	735
53	51	407
41	278	772
64	233	105
57	48	805
66	248	570
55	285	404
62	292	162
67	170	155
22	5	927
72	60	814
10	14	987
18	156	592
22	249	954
29	246	504
27	220	365
28	248	868
18	115	227
97	134	339
44	57	887
39	197	292
48	37	747
24	30	903
76	235	618
93	218	407
98	135	639
1	155	153
80	232	112
82	232	903
74	274	157
16	193	848
37	73	887
32	9	299
45	38	704
33	254	367
26	160	153
71	145	591
31	203	993
70	77	258
41	168	203
74	231	797
65	154	330
88	67	851
26	44	553
99	6	756
94	37	274
32	57	223
93	11	309
36	277	486
81	161	669
19	183	860
20	44	514
63	167	305
0	134	475
5	179	400
16	67	356
79	164	799
11	137	775
79	198	905
6	7	179
43	286	500
66	54	487
10	34	533
24	137	877
70	111	157
16	137	955
43	49	457
34	33	791
7	188	116
63	165	396
27	168	767
0	251	241
24	62	922
66	217	714
24	183	526
97	239	394
96	236	699
79	186	302
0	199	319
84	170	744
13	131	206
65	28	613
11	285	648
35	277	606
69	257	295
47	272	544
78	271	961
32	142	373
89	172	491
81	24	247
99	203	862
87	194	112
14	36	315
96	210	962
10	60	222
12	293	994
85	19	883
89	298	577
34	39	616
75	105	454
77	113	803
52	179	115
89	59	733
67	272	800
66	74	662
7	275	441
43	160	965
80	275	503
30	244	175
28	158	655
20	233	143
4	84	589
86	127	621
66	199	826
85	168	305
99	190	494
52	205	248
72	53	658
37	36	102
49	139	357
36	23	209
78	57	946
63	159	654
79	52	496
4	216	245
89	20	524
77	87	843
95	230	714
14	53	198
86	120	113
28	297	415
27	238	574
81	223	206
99	117	118
43	9	203
3	144	869
47	293	565
92	280	198
35	211	669
56	4	223
26	37	922
35	253	683
57	6	451
14	192	859
67	209	154
28	208	959
59	272	185
54	230	881
47	194	800
18	63	306
31	17	706
39	194	749
29	58	391
82	34	331
5	188	386
73	108	328
9	283	481
36	90	546
69	70	517
54	300	551
41	92	316
25	53	981
16	214	879
12	204	528
5	12	714
94	37	904
1	140	587
39	273	610
6	15	175
65	212	665
75	10	564
96	275	589
21	12	450
51	164	554
79	139	353
96	143	972
37	222	343
76	96	661
96	84	572
40	14	189
16	115	170
69	254	129
55	42	486
86	129	596
96	271	251
15	254	111
45	18	949
67	261	883
17	158	603
35	82	783
51	120	781
74	249	467
89	49	722
47	65	722
12	107	845
27	3	162
28	159	163
36	97	239
96	70	232
26	16	329
80	110	617
30	122	558
15	157	550
77	187	203
12	27	564
82	152	434
94	43	403
60	199	612
38	220	955
2	47	658
16	101	463
36	39	239
38	21	264
90	161	641
76	220	750
19	238	645
43	287	760
59	74	602
13	184	120
2	51	291
84	130	706
19	7	260
79	6	729
7	279	351
0	140	619
52	159	157
77	0	919
80	47	447
53	179	862
9	244	667
92	156	808
53	43	164
10	99	609
25	240	191
40	134	944
91	39	301
78	207	847
39	5	409
36	299	803
75	252	401
14	73	700
25	165	438
36	291	616
38	253	829
27	172	648
24	287	201
82	144	801
31	232	875
35	266	321
76	78	494
88	87	378
41	170	933
32	129	765
57	219	825
49	74	114
45	78	889
60	110	789
32	118	340
0	36	716
55	275	873
80	296	947
93	237	771
3	210	645
16	110	167
44	212	152
96	113	304
82	11	667
54	221	513
13	76	661
74	1	136
43	142	129
38	281	494
58	288	452
39	107	875
24	273	959
56	37	337
48	12	783
59	275	812
98	142	313
68	202	642
11	299	689
43	221	188
33	292	890
36	24	187
58	47	843
90	141	175
4	158	533
9	122	844
92	83	711
8	114	723
17	272	737
59	15	462
27	27	900
26	109	580
98	198	304
8	97	572
0	194	468
68	180	273
20	168	556
60	183	125
45	97	684
50	52	437
71	25	705
44	193	389
23	209	760
33	137	288
58	255	445
66	173	753
64	230	331
94	140	810
14	5	148
28	178	307
85	29	576
23	197	665
66	147	144
20	293	989
77	250	213
43	230	905
56	258	735
38	103	110
2	164	899
89	237	793
81	107	972
22	261	588
37	132	272
1	240	622
29	68	917
41	273	602
58	144	629
86	249	198
2	288	933
63	208	757
39	146	391
54	123	240
43	51	193
14	171	489
36	117	130
87	8	702
67	8	761
32	214	487
82	4	255
34	117	100
52	285	157
29	89	881
40	225	526
30	116	309
44	1	606
92	30	688
68	64	694
37	99	534
85	209	552
4	198	888
60	95	450
27	22	165
48	30	548
20	57	188
100	171	379
36	254	423
6	218	677
67	115	107
67	286	172
51	263	718
19	244	768
10	52	635
15	15	606
28	35	761
29	282	287
20	181	398
10	25	437
8	63	468
99	11	969
85	251	226
5	43	556
84	53	969
61	36	948
31	195	306
25	51	146
80	219	741
57	229	835
96	108	506
74	249	404
30	110	230
76	192	943
65	16	512
65	123	872
36	245	724
30	292	322
7	114	746
75	235	453
54	80	324
90	207	100
23	273	916
69	284	925
62	277	986
81	90	285
63	229	757
52	28	303
95	25	870
18	289	192
12	91	653
87	59	444
67	69	415
79	221	798
70	194	243
28	294	966
62	192	273
39	42	361
52	99	823
78	115	315
24	112	358
90	215	327
56	150	227
85	101	666
20	18	759
62	296	976
98	185	705
85	111	592
42	72	746
76	192	104
18	154	500
70	37	444
0	131	625
2	40	195
41	3	350
64	77	133
30	252	565
72	289	931
37	123	721
89	79	246
62	121	696
77	126	681
61	7	469
70	98	475
76	237	113
33	139	735
99	264	970
54	87	469
65	146	764
95	17	102
11	232	431
72	98	842
66	207	925
93	255	1000
74	282	532
57	148	357
88	210	422
7	216	640
74	198	495
77	292	918
86	180	880
51	220	817
3	252	517
50	126	892
72	247	767
13	85	321
42	205	489
2	154	448
12	269	672
0	6	196
31	288	200
86	246	747
88	139	213
83	270	709
2	32	184
73	19	558
18	243	457
17	289	701
91	171	507
61	177	802
7	23	203
15	213	582
60	78	314
11	100	628
13	122	811
77	296	368
23	180	489
27	76	666
51	297	482
76	52	905
37	202	520
16	129	406
19	83	797
38	32	132
37	143	607
45	59	269
84	150	375
0	288	831
67	183	694
81	37	882
43	228	783
88	205	335
45	206	439
21	4	678
86	75	777
43	236	550
20	99	269
22	146	671
54	182	117
45	77	547
13	177	306
76	229	297
36	108	594
5	237	599
43	192	649
54	50	881
83	171	647
73	199	177
44	64	341
39	300	608
15	61	423
81	103	528
16	143	646
84	239	709
73	167	624
26	4	963
49	47	718
66	103	414
93	280	318
53	119	963
74	25	228
74	249	398
95	118	273
66	156	661
20	79	418
53	157	835
90	208	261
100	222	736
69	136	909
73	45	260
59	201	679
30	59	681
13	17	461
66	300	696
46	124	209
21	65	276
48	127	563
26	54	993
64	23	688
73	201	120
42	255	653
71	162	679
16	143	696
29	185	397
49	269	950
19	75	147
17	118	860
57	192	530
19	163	680
41	254	138
27	252	451
16	179	286
80	63	767
46	285	369
19	135	270
88	40	748
90	49	141
68	32	970
96	155	706
99	123	936
71	108	297
60	53	702
56	50	705
40	109	921
85	172	504
38	53	702
80	53	879
33	27	354
100	166	544
32	223	849
93	81	567
26	58	584
45	77	378
79	209	200
84	78	988
31	32	249
20	84	683
52	111	130
61	47	800
19	90	120
2	282	471
54	63	848
67	14	262
74	239	562
74	206	428
88	265	464
29	243	290
17	61	101
3	300	826
22	238	505
83	244	698
30	87	828
45	294	273
9	185	484
28	95	607
73	58	340
28	126	538
37	77	556
24	47	435
57	88	491
72	4	143
20	247	637
68	288	813
10	270	564
95	201	243
2	209	177
8	264	826
67	201	883
22	176	634
39	260	822
3	293	210
66	230	871
18	88	546
95	237	145
51	96	700
11	267	128
30	213	183
50	6	281
10	140	557
52	240	228
28	45	330
40	227	767
92	25	999
9	110	680
17	51	683
52	40	710
61	76	556
30	202	869
52	273	223
38	273	607
2	250	343
54	82	663
31	240	566
37	161	613
35	146	166
37	180	300
22	94	580
24	293	499
17	271	463
41	205	830
56	145	843
48	240	331
50	239	803
96	25	812
2	250	408
40	58	964
83	39	562
43	247	563
77	283	755
87	175	688
73	291	197
70	258	420
97	177	665
24	160	943
6	4	476
15	188	232
98	97	301
27	268	307
38	271	343
29	133	324
97	261	301
4	62	352
9	159	674
16	24	171
42	37	283
82	49	323
58	141	401
91	15	903
36	239	734
68	249	445
57	191	582
2	189	990
62	4	710
57	128	345
74	185	784
50	141	601
58	223	549
68	194	705
1	256	935
8	273	1000
68	13	914
15	45	455
20	70	370
98	252	384
76	44	969
9	82	440
72	138	922
13	21	932
42	112	633
47	96	379
89	56	988
11	63	542
98	68	901
64	280	727
57	292	980
74	0	497
81	231	184
69	84	732
73	148	170
49	286	328
32	214	269
55	196	456
65	87	850
58	258	836
34	124	386
20	189	436
72	62	399
26	119	817
92	246	410
33	270	771
63	104	877
76	256	563
99	98	374
73	52	281
3	110	864
71	29	254
34	284	505
81	43	423
34	291	730
26	94	868
38	288	952
49	10	975
76	152	142
73	6	126
52	244	488
64	21	726
62	235	507
68	221	809
82	84	108
99	193	429
58	207	627
3	147	293
98	127	256
97	140	269
20	221	161
96	55	546
86	110	169
46	212	581
95	10	987
9	146	668
64	183	171
29	269	231
10	292	822
10	241	456
32	129	818
71	282	843
11	74	201
68	48	280
15	85	547
91	76	182
71	268	878
92	194	980
32	50	103
99	159	459
23	140	225
6	66	488
74	238	396
99	55	857
29	180	440
44	82	943
52	251	629
14	12	692
52	200	716
89	181	398
24	277	541
90	7	160
10	81	720
35	34	710
95	266	217
75	93	874
45	258	938
83	55	930
43	84	873
20	75	848
27	88	519
40	70	704
5	184	256
72	211	733
8	259	904
46	226	203
79	213	141
52	131	329
91	177	368
65	185	977
15	219	250
97	288	992
13	76	241
99	87	976
43	36	458
23	270	337
25	76	103
85	275	308
5	6	977
13	159	628
100	258	525
65	279	567
84	162	860
63	181	609
73	90	397
31	64	152
27	285	410
92	13	108
75	238	683
76	49	157
6	158	435
73	211	813
75	110	667
59	139	958
23	231	233
60	156	435
3	148	423
56	107	369
88	31	361
49	236	753
2	173	112
91	186	658
68	141	912
0	111	180
21	181	551
53	258	125
65	223	859
18	248	813
10	150	848
34	282	899
89	23	200
8	143	141
95	141	441
2	201	505
34	68	973
47	21	354
33	133	454
3	216	178
4	104	301
80	220	984
65	95	664
0	75	710
0	127	944
51	32	196
20	110	894
51	163	712
64	10	374
32	27	770
58	272	349
0	41	883
51	144	371
63	208	709
58	141	944
80	167	541
72	33	517
26	2	556
3	140	163
89	78	149
63	278	245
23	282	675
82	73	419
52	130	566
46	62	663
77	293	415
17	295	446
72	256	521
90	64	958
49	35	259
93	99	379
30	161	637
91	193	296
67	263	158
85	23	529
93	175	569
9	294	474
31	256	675
54	167	164
17	119	952
77	103	361
78	281	101
26	74	303
53	63	532
38	255	298
94	69	733
5	246	169
78	12	432
10	285	467
26	76	837
66	102	258
9	112	909
23	71	984
73	260	744
96	48	135
48	15	135
65	257	749
38	64	914
42	236	875
25	30	519
14	144	448
46	271	256
79	240	639
33	80	574
65	102	710
66	225	899
95	102	469
38	297	125
18	49	153
40	191	899
80	224	471
44	270	663
14	7	192
32	73	564
19	133	492
18	202	145
6	67	668
35	134	335
75	139	157
62	112	598
61	14	778
44	75	147
62	256	498
36	236	655
73	232	406
9	67	853
78	105	655
15	212	961
12	209	659
36	205	162
24	63	238
13	125	870
12	163	829
14	75	104
93	74	703
88	44	708
27	218	555
6	121	382
57	124	628
33	289	321
72	231	730
49	225	554
24	97	684
16	151	617
57	181	274
44	168	991
70	112	440
20	89	515
67	186	395
72	278	502
8	102	379
46	124	895
2	107	240
81	255	401
16	32	263
45	129	627
73	235	165
72	163	553
47	224	694
28	236	555
99	159	126
6	279	330
82	210	401
26	272	880
89	105	577
72	9	507
44	12	565
29	171	619
80	43	881
83	152	152
54	121	301
59	112	411
84	31	518
93	19	421
72	1	594
65	228	433
42	45	198
88	67	769
36	79	476
63	38	712
92	259	355
44	165	418
4	99	299
98	214	125
25	105	459
47	105	648
49	178	972
65	129	964
57	140	675
24	287	312
85	106	832
93	30	331
18	168	934
48	134	434
70	254	126
31	96	126
30	287	286
35	189	107
31	206	595
2	23	878
41	116	800
85	56	789
3	65	758
91	244	440
33	181	247
65	297	468
30	168	934
81	43	142
66	214	891
7	161	979
4	35	701
34	51	177
26	284	459
81	17	506
76	183	634
0	293	370
48	48	527
83	245	884
74	201	856
24	90	609
18	88	144
44	131	107
23	50	443
27	127	867
75	161	112
70	296	180
14	132	494
49	207	678
99	114	704
94	134	722
36	236	631
45	142	154
70	223	411
82	293	344
29	276	766
54	157	392
39	20	408
99	2	449
54	298	805
43	190	634
45	176	519
65	88	246
18	178	694
60	189	411
7	105	498
86	62	671
90	15	935
25	147	333
13	276	354
43	17	668
99	43	554
91	7	412
4	166	462
67	255	989
78	80	380
61	262	356
27	65	914
67	254	930
12	204	792
34	268	513
64	217	435
67	193	835
55	172	671
81	152	358
93	251	549
87	74	166
42	213	986
40	193	259
40	86	902
51	164	387
95	246	644
56	163	351
100	162	334
84	19	797
86	236	304
54	204	114
73	0	604
31	101	509
99	70	104
20	78	567
99	95	528
68	275	128
9	165	733
87	87	168
29	283	385
61	223	717
41	191	779
11	277	585
18	134	830
65	223	604
86	80	278
88	201	280
97	211	359
97	151	511
36	294	678
0	171	439
22	242	342
91	299	483
80	62	406
64	157	538
44	243	301
92	253	658
65	204	331
89	14	767
44	127	677
97	214	295
13	147	198
24	191	468
47	180	840
53	205	421
41	201	872
28	281	213
31	120	306
64	244	421
1	86	634
21	279	490
19	234	278
62	92	241
52	188	777
41	205	517
8	298	635
53	178	430
86	144	268
43	28	276
59	172	621
25	247	510
26	150	957
76	13	136
4	124	611
30	124	457
72	23	189
73	151	712
93	118	145
23	176	217
10	62	560
94	202	572
91	269	798
64	70	337
49	105	973
17	88	456
59	250	785
25	214	753
18	176	225
60	21	911
32	287	222
44	106	733
38	154	353
76	269	598
74	57	489
3	212	985
55	272	990
33	91	391
94	106	108
99	0	753
35	41	184
83	232	402
20	290	799
66	254	350
37	97	463
4	224	503
24	133	541
68	177	641
19	246	472
65	171	146
24	117	611
82	185	303
74	279	445
91	290	155
35	192	716
95	11	717
37	212	257
10	294	665
27	204	873
97	162	797
80	97	500
77	234	887
84	139	399
40	104	389
95	68	772
66	37	694
53	8	317
76	288	135
67	162	413
92	37	422
33	125	514
35	42	776
85	282	306
97	116	249
7	7	962
14	242	109
20	151	240
86	74	759
96	300	243
46	208	990
4	293	210
85	119	188
55	300	687
69	60	730
83	111	337
84	4	572
45	116	709
12	169	941
81	41	337
11	109	987
30	143	975
17	71	388
51	227	173
26	238	131
90	62	431
40	198	883
22	27	286
10	119	479
79	39	322
41	206	364
97	162	269
61	159	695
60	295	287
13	159	632
27	156	260
66	55	653
42	196	698
41	79	691
61	177	899
82	9	597
2	300	888
72	298	197
2	127	220
8	200	402
73	249	686
18	73	842
71	34	386
2	25	856
57	135	288
74	161	787
6	290	523
90	77	451
16	201	737
89	286	596
95	1	841
3	266	183
59	124	447
29	69	527
56	27	833
91	281	764
48	125	704
55	33	637
48	168	180
58	139	223
41	20	822
72	184	801
97	211	433
10	277	700
87	272	331
52	226	574
69	129	788
2	182	294
73	4	363
62	120	652
90	285	658
72	233	149
98	258	894
56	3	700
65	250	740
38	95	534
66	188	799
57	3	389
31	50	394
34	210	818
94	108	524
5	103	353
46	168	371
29	23	138
62	149	305
77	34	794
90	43	511
14	70	148
18	185	780
60	6	287
100	188	624
64	175	953
46	293	640
39	36	280
58	243	767
33	96	242
46	114	898
38	108	985
84	96	393
1	67	614
77	179	983
22	142	670
2	120	593
73	288	433
48	14	104
39	113	841
75	107	992
75	136	147
64	279	927
99	264	298
55	141	380
56	153	179
85	17	701
61	220	748
62	8	995
3	195	908
80	268	107
75	141	469
90	65	643
66	74	273
41	273	585
10	93	549
48	123	595
79	133	928
98	42	189
19	84	132
70	162	979
34	268	678
91	5	707
62	17	327
92	276	199
96	151	540
17	188	294
23	190	336
80	58	783
12	175	199
14	66	208
85	2	593
52	124	286
10	147	758
47	65	641
96	233	332
74	65	392
32	18	447
93	212	480
16	260	802
2	16	649
78	23	338
55	133	441
99	29	960
8	79	237
26	138	607
45	51	692
58	210	977
17	238	341
66	214	462
78	191	852
22	247	731
77	124	118
62	5	630
12	15	585
75	111	141
55	142	152
3	75	394
73	62	573
59	227	667
9	214	167
74	160	428
40	50	721
56	289	191
26	124	902
87	299	881
97	248	694
94	282	648
71	43	704
38	178	526
61	7	106
53	210	760
66	20	618
46	217	949
35	110	261
67	132	910
88	16	230
73	103	242
49	163	116
78	122	936
5	32	849
27	209	615
42	194	907
88	151	777
2	87	628
83	89	654
36	229	459
57	43	579
97	41	718
78	184	399
28	298	324
82	52	122
91	111	151
38	130	523
27	206	751
62	201	135
85	222	841
62	272	803
20	188	418
35	282	306
8	116	620
22	216	329
93	161	969
63	242	783
33	119	259
56	294	377
61	215	273
37	295	890
40	127	447
60	134	847
81	102	119
50	118	361
94	24	229
50	95	849
46	24	595
94	184	511
22	269	619
28	274	385
7	273	850
99	0	744
60	47	622
58	119	138
16	38	633
55	77	756
19	236	987
76	169	574
54	269	530
74	14	735
33	262	453
17	252	702
76	51	791
58	277	759
5	66	442
55	32	816
7	232	336
43	114	379
79	182	787
7	194	910
42	90	922
22	228	564
24	281	786
34	178	570
79	170	744
58	95	685
4	191	806
29	5	722
18	77	712
9	120	411
70	235	638
65	52	941
57	51	968
85	112	177
55	124	798
35	275	478
2	213	301
29	298	778
23	80	215
74	165	137
16	193	216
74	135	671
19	121	532
17	222	456
3	158	163
42	137	896
83	13	889
6	217	504
98	146	726
34	239	193
60	164	160
57	6	156
17	65	327
96	120	398
72	195	169
84	269	479
43	180	172
70	275	744
91	37	767
30	43	206
38	145	447
72	91	129
91	177	142
82	140	651
53	212	929
77	150	790
36	223	256
13	23	904
77	169	633
76	198	330
38	152	882
15	232	535
71	13	801
15	298	117
100	82	998
68	126	734
36	51	201
41	107	955
26	59	755
8	36	683
70	46	841
63	139	759
12	162	615
85	235	196
37	178	611
7	125	595
31	136	701
60	207	165
26	220	831
91	293	666
18	31	659
93	53	994
5	145	875
72	263	956
34	255	835
42	137	676
58	213	642
1	293	241
70	8	458
61	117	153
19	50	537
50	247	771
92	217	866
35	283	131
89	270	140
90	198	567
66	133	180
11	47	509
92	288	688
56	192	974
54	165	406
50	239	813
16	80	877
49	183	717
46	292	741
95	153	122
93	164	331
48	83	535
51	275	687
79	96	728
10	274	999
3	68	798
47	241	551
81	281	671
47	4	358
9	239	377
3	206	831
57	31	358
44	53	814
23	128	979
83	120	771
72	101	511
37	285	736
61	222	775
91	10	269
61	249	252
32	270	568
67	297	945
92	135	445
76	209	105
9	79	807
39	230	867
4	198	527
48	194	767
26	262	813
33	216	109
39	185	545
9	96	377
69	106	298
100	46	213
49	273	549
29	81	456
89	179	958
10	158	862
62	59	110
30	232	731
72	215	759
32	26	460
15	225	826
59	252	679
97	288	897
4	1	167
93	270	637
44	151	143
21	191	547
96	249	682
47	102	470
47	208	270
93	197	302
81	184	452
34	48	304
4	44	657
42	131	119
78	10	540
52	149	647
75	289	914
69	54	794
52	202	697
67	185	426
74	59	172
84	159	967
92	246	930
15	208	394
73	156	471
2	36	788
37	222	642
88	123	480
12	262	648
39	204	174
68	80	970
3	127	612
62	266	124
34	44	826
77	46	198
88	189	259
73	135	465
21	22	895
94	59	434
43	113	362
36	286	266
43	190	676
82	67	219
13	120	590
100	111	411
7	103	330
27	273	940
21	53	452
96	234	766
8	93	814
92	300	547
39	184	744
10	138	642
1	120	820
21	236	597
7	288	348
41	206	190
9	272	461
93	110	563
69	257	316
22	283	576
55	250	930
19	231	206
28	101	427
70	127	653
1	284	865
80	212	336
2	27	830
61	83	704
2	31	176
56	168	433
97	121	178
13	299	738
77	0	366
30	231	133
0	38	283
53	141	493
32	278	158
85	96	929
36	56	936
4	147	720
18	196	880
17	83	192
56	109	763
42	225	328
18	52	324
73	206	961
39	133	362
36	15	585
70	242	871
49	273	896
8	197	648
61	144	452
7	34	460
58	132	747
36	83	854
78	241	953
95	198	469
89	151	902
51	214	221
90	3	970
96	0	332
48	84	712
88	198	673
4	134	359
98	184	513
98	183	827
52	6	160
24	24	741
10	174	217
98	10	914
87	258	186
97	269	946
97	8	201
